118634367
114293290
115851511
115852011
115852043
115852058
115852158
115852222
115852226
115852229
115623693
115852244
115852247
115852250
115852256
115852259
115852262
115852265
115626044
115852268
115852278
115852281
115852284
115852287
115852290
115852893
115852992
115853042
115853045
115853048
115853051
115853070
115853073
115853076
115853091
115853094
115853100
115853103
115853106
115853109
115623794
115853112
115853115
115853121
115853170
115853173
115853177
115853180
115853183
115853186
115853189
115853192
115853195
115853198
115853201
115853204
115853207
115853375
115853382
115853391
115853408
115853421
115853433
115853498
115853526
115853533
115856566
115856569
115663308
115856572
115856863
115857106
115857301
115857304
115857307
115623812
115857310
115857313
115857860
115857909
115623961
115857912
115857962
115857965
115858016
115858124
115858504
115879038
115623974
115879047
115879056
115879061
115879064
115879067
115879070
115879074
115879077
115879080
115853678
115879084
115879087
115879096
115879099
115879109
114293321
116040410
115879211
115879220
115627529
115879229
115879232
115879239
116039928
115625859
116039935
116039942
115879242
116039947
116039953
115879245
115879248
116040741
115879251
115879254
115624042
115879257
115918374
115624056
115918377
115918524
115918559
115918566
115918569
115918591
115918599
115624075
115918608
115918617
115918623
115918633
115918919
115919300
115878987
115919306
116039960
116039963
116040842
115919595
115920372
115920447
115920827
115921301
115921777
115922729
115922732
115922735
115922738
115922741
115922758
115922761
116040849
116039978
115922767
115922772
115922775
115922778
116039993
115922793
115922802
115922805
115922808
115922811
115922914
115922965
115922968
115922971
115922974
115922977
115924421
115924424
116041349
116041666
116042142
116042623
116043194
116040001
114293329
115924428
115924431
115924438
116040261
115924441
115624111
115924444
115924447
116043247
116040276
116043277
116043302
115924450
115924453
115924456
115624121
115624124
115924460
116043311
116043330
116043354
116043378
116043434
115924463
115924466
115924469
115924472
115924499
115924527
115924530
115924533
115924564
115924571
115924642
115924673
115624131
115924734
115924764
115924770
116040282
115924776
115924781
115924790
115625942
116040288
115924793
115924797
115924800
115924803
115924806
115924810
115624147
116043482
116043498
116043540
116043548
116043551
116043814
116044096
115924813
115624156
115924817
116040004
115924820
115924823
115625876
115626093
115924826
115924829
115925390
115925393
115925756
115624293
115925759
115926866
115926872
115624296
115926875
115926878
115926885
115926890
115926897
115926907
115926919
115926934
115926941
115926948
115926959
115926964
115926967
115625844
115926974
115926980
115926983
115926986
115926993
115878994
115927020
115927030
115927039
115927049
115927057
115927063
115927066
115927069
115927072
115927140
115927143
114293335
116011203
116044757
116045106
116011206
116011209
116011212
116011215
116040007
116011218
116011221
116011224
116011227
116011230
116045314
116011233
116011239
116011242
116011246
116011250
116045322
116011254
116040291
116045326
116011258
116011262
116011265
116011268
116011271
116011274
116011279
116011282
116011285
116011289
116011292
116011343
116011392
116011396
116011401
116011404
116011409
116045330
116024122
116024415
116024679
116024899
116045333
116040010
116025238
116025433
116025676
116025967
116026066
116026069
116026072
116026091
116026094
116026097
116026101
116026105
115624379
116026108
116026111
116026163
116040024
116026166
116026169
115625010
116026175
116026179
116040295
116026182
116026185
116026189
116045336
116026196
116026204
116026208
116026215
116040027
116040031
116045342
116026221
116026228
116045370
114293348
116040034
116026237
116026246
116026251
116026254
116026257
116026260
116026362
116026371
116040038
116040041
116040301
116026382
116026394
116040305
116045399
116026400
116026403
116026407
116040356
116026410
116026413
116026417
116026421
116045407
116026425
116026428
116026435
116026446
116026450
116026455
116026459
116026462
116026465
116026468
115663329
116026540
116026545
116026548
116026552
116026556
116026559
116026562
116026566
116026569
115625166
116026573
116026578
116026585
116026591
116045423
116040046
116026617
116026620
116026623
116045440
116026626
116026630
116026633
116045473
116045495
116027119
116027122
116027125
116045521
116027128
116027131
116027134
116040049
116027137
116027140
116027143
115626160
116040205
116027146
116027149
116027152
116036373
116036376
116036379
116036382
116036385
116036388
116040208
116036391
116036394
116036397
116036400
116036403
116036406
116036409
116036412
116045525
116036415
116036418
116036421
116036424
116036427
116036430
116036433
116045551
116036437
114293360
116036444
116036441
116036447
116036502
116036505
116036509
116036512
116036515
116036518
116036521
115625750
116036524
116036527
115663337
116036530
116036533
116036536
116036539
116036542
116036545
115625755
115625759
116040359
116036548
116036551
116036554
116036557
116040364
116036560
116036567
116036570
116036573
116036576
116036579
116036582
116036585
116036588
116036591
116036594
115611439
116036597
116036600
116036603
116036609
116036612
116036615
115663312
116036618
116036621
116036624
116036627
116036630
115625766
116036633
116036636
116036639
116036642
116036646
116036649
116036652
116045554
116036655
116036658
115625873
116036661
116036664
116036667
116036670
116036673
116040368
116036676
116036679
116036682
116036685
116036689
116036692
116036695
116036698
115625772
116040211
116040214
116036701
116036704
116036707
116036711
116036715
116036718
116036721
116036724
116036728
115625813
116037190
116037193
116037196
116037199
116040224
116037202
116037205
116037210
116037213
116037216
116037219
116037222
114293390
116037225
116040230
116040243
116037228
116037231
116037234
116037237
116037240
116037243
116037246
116037249
116037252
116039408
116039412
116039416
116039419
115721423
116039422
116039441
116039460
116039464
115625792
116039467
116039470
116045558
116039473
116039478
116039481
116045561
116039484
116039501
116039505
116040374
116039522
116039525
116039529
116039532
116039535
116039538
116039541
116039568
116039596
116039627
116039658
116039690
116039742
116039772
116039776
116039779
116039783
116039786
116039789
116039805
116039809
116040258
116039826
116039833
116039830
116039851
115625797
115625801
116039854
116039857
116239998
118031458
116751151
118147835
118147863
118150580
118153149
101416473
115878540
117329902
116751150
118153430
118153525
101416490
105880891
116758783
116942245
118028143
117901245
118410602
118410609
118023283
116499091
118147730
118147735
118147752
118147725
118536287
118019181
117088261
118146473
118146381
118146469
118146475
118146685
118031453
118386178
115721160
115721172
117807956
116145878
115721179
118431505
118386110
118386115
115721165
117807957
118386186
115721175
115721201
117807958
115721178
118526189
117091213
117793380
115721184
116717733
116415552
117793365
118386191
112351227
115908091
118386240
115721191
116147350
118029047
118232985
118405622
118386098
118233452
116751149
118152411
118153353
118152760
118152166
117091777
101416025
101416031
118654303
102043780
101710557
102043781
107728324
101193124
103946886
101277945
105756340
